Fixed_Radius	480
1010	37		-110
1010	74		-262
1011	90		-369
1017	66		-364
1027	14		-314
1031	24		-409
1033	24		-459
1037	15		-498
1042	8		-558
1048	-11		-574
1056	-54		-539
1061	-50		-621
1066	-74		-620
1072	-107	-609
1079	-134	-619
1087	-170	-603
1094	-196	-601
1103	-242	-576
1112	-292	-518
1118	-326	-508
1128	-375	-457
1136	-413	-440
1144	-452	-417
1153	-514	-344
1165	-573	-283
1173	-619	-235
1182	-673	-181
1192	-719	-145
1204	-786	-66
1213	-853	23
1225	-909	74
1225	-909	74
1002	11		30
1002	11		30
981		15		63
981		15		63
964		-1		115
964		-1		115
949		-12		157
949		-12		157
934		-29		205
934		-29		205
920		-42		244
920		-42		244
908		-65		293
908		-65		293
894		-76		328
894		-76		328
880		-85		358
880		-85		358
868		-97		386
868		-97		386
856		-118	424
856		-118	424
845		-118	436
845		-118	436
835		-141	471
835		-141	471
825		-153	492
825		-153	492
814		-158	506
814		-158	506
814		-158	506
814		-158	506
Fixed_Radius	720
1014	24		-42
1017	18		-52
1024	9		-62
1023	11		-84
1027	5		-95
1031	-3		-102
1034	-13		-109
1037	-17		-122
1042	-28		-126
1048	-43		-128
1051	-52		-133
1058	-73		-125
1062	-82		-133
1069	-100	-128
1074	-116	-127
1080	-135	-121
1087	-158	-111
1092	-171	-112
1100	-198	-97
1107	-220	-87
1113	-244	-77
1119	-262	-70
1128	-291	-54
1134	-314	-43
1142	-341	-28
1151	-369	-12
1158	-394	1
1166	-425	20
1174	-452	37
1182	-482	56
1189	-511	73
1198	-541	92
1002	11		30
1002	11		30
981		15		63
981		15		63
964		-1		115
964		-1		115
949		-12		157
949		-12		157
934		-29		205
934		-29		205
920		-42		244
920		-42		244
908		-65		293
908		-65		293
894		-76		328
894		-76		328
880		-85		358
880		-85		358
868		-97		386
868		-97		386
856		-118	424
856		-118	424
845		-118	436
845		-118	436
835		-141	471
835		-141	471
825		-153	492
825		-153	492
814		-158	506
814		-158	506
814		-158	506
814		-158	506
Fixed_Radius	1024
1021	8		-20
1021	18		-44
1026	10		-50
1029	11		-64
1034	6		-71
1039	3		-85
1044	-2		-92
1048	-9		-99
1054	-19		-103
1060	-30		-106
1068	-40		-109
1072	-48		-114
1077	-56		-120
1084	-71		-118
1093	-89		-114
1100	-103	-113
1107	-118	-111
1114	-134	-108
1122	-151	-104
1130	-169	-100
1138	-189	-93
1147	-212	-83
1158	-239	-70
1165	-257	-64
1174	-282	-53
1185	-308	-41
1194	-333	-28
1204	-361	-14
1214	-388	0
1225	-416	15
1238	-450	34
1247	-477	48
1010	27		-10
1000	7		25
990		21		23
981		11		46
972		10		59
965		-4		86
955		9		83
948		0		103
938		-13		128
932		-3		126
923		-8		142
909		-28		179
909		-28		179
903		-19		176
895		-29		194
888		-45		217
880		-45		224
873		-45		230
869		-45		235
863		-47		242
856		-55		254
849		-66		270
841		-69		278
836		-71		284
831		-72		288
826		-76		294
819		-81		301
814		-86		309
814		-86		309
814		-86		309
814		-86		309
814		-86		309
Fixed_Radius	1080
1019	6		-11
1022	5		-20
1025	4		-27
1028	2		-34
1030	-2		-39
1034	-5		-44
1040	-14		-45
1044	-22		-47
1048	-28		-50
1052	-34		-53
1057	-42		-54
1061	-51		-55
1068	-62		-54
1074	-74		-53
1079	-87		-50
1085	-98		-49
1092	-112	-45
1098	-125	-43
1105	-140	-38
1112	-155	-34
1119	-171	-29
1126	-187	-24
1134	-204	-18
1141	-222	-12
1148	-238	-6
1156	-256	1
1164	-274	8
1172	-293	15
1180	-312	23
1189	-332	30
1195	-350	38
1203	-369	45
1000	9		12
1000	9		12
984		0		35
984		0		35
965		-4		52
965		-4		52
949		-13		73
949		-13		73
934		-22		93
934		-22		93
921		-32		112
921		-32		112
909		-47		133
909		-47		133
897		-59		152
897		-59		152
883		-68		166
883		-68		166
873		-80		183
873		-80		183
861		-92		199
861		-92		199
851		-104	213
851		-104	213
839		-109	221
839		-109	221
839		-109	221
839		-109	221
839		-109	221
839		-109	221
839		-109	221
839		-109	221
Fixed_Radius	1280
1019	11		-16
1023	11		-25
1028	7		-31
1032	5		-39
1037	0		-43
1041	-3		-51
1045	-3		-59
1049	-5		-67
1057	-19		-64
1062	-23		-70
1068	-33		-70
1074	-39		-74
1080	-49		-76
1087	-59		-75
1094	-69		-76
1102	-84		-73
1109	-95		-72
1116	-109	-70
1124	-124	-65
1132	-138	-63
1140	-152	-61
1150	-174	-52
1159	-192	-46
1167	-210	-40
1178	-230	-33
1188	-251	-25
1198	-272	-16
1207	-291	-9
1218	-316	2
1228	-338	11
1239	-362	22
1239	-362	22
1000	9		12
1000	9		12
984		0		35
984		0		35
965		-4		52
965		-4		52
949		-13		73
949		-13		73
934		-22		93
934		-22		93
921		-32		112
921		-32		112
909		-47		133
909		-47		133
897		-59		152
897		-59		152
883		-68		166
883		-68		166
873		-80		183
873		-80		183
861		-92		199
861		-92		199
851		-104	213
851		-104	213
839		-109	221
839		-109	221
839		-109	221
839		-109	221
839		-109	221
839		-109	221
839		-109	221
839		-109	221
Fixed_Radius	1536
1021	9		-11
1025	5		-15
1028	4		-20
1033	4		-27
1039	-2		-29
1041	-1		-36
1047	-5		-40
1054	-14		-40
1057	-13		-46
1064	-20		-48
1069	-28		-49
1074	-32		-52
1081	-41		-52
1088	-49		-53
1095	-59		-53
1102	-69		-52
1110	-81		-49
1118	-92		-49
1125	-104	-46
1135	-119	-43
1143	-130	-41
1153	-147	-36
1161	-161	-32
1169	-175	-29
1180	-193	-22
1189	-209	-18
1199	-227	-11
1210	-245	-6
1220	-264	1
1231	-285	8
1242	-304	15
1242	-304	15
1000	9		12
1000	9		12
984		0		35
984		0		35
965		-4		52
965		-4		52
949		-13		73
949		-13		73
934		-22		93
934		-22		93
921		-32		112
921		-32		112
909		-47		133
909		-47		133
897		-59		152
897		-59		152
883		-68		166
883		-68		166
873		-80		183
873		-80		183
861		-92		199
861		-92		199
851		-104	213
851		-104	213
839		-109	221
839		-109	221
839		-109	221
839		-109	221
839		-109	221
839		-109	221
839		-109	221
839		-109	221
Fixed_Radius	1920
1023	4   	-6 
1026	3   	-9 
1030	4   	-14
1035	-1  	-15
1041	-2  	-19
1044	-2  	-23
1047	-3  	-26
1054	-10 	-26
1060	-14 	-28
1066	-18 	-30
1070	-23 	-31
1077	-28 	-33
1083	-34 	-33
1091	-43 	-32
1097	-50 	-32
1104	-57 	-32
1112	-66 	-31
1119	-75 	-31
1128	-84 	-29
1135	-94 	-28
1144	-106	-25
1153	-117	-23
1162	-130	-20
1171	-142	-17
1181	-156	-14
1190	-169	-11
1200	-183	-7 
1210	-197	-3 
1222	-213	1  
1231	-228	6  
1242	-244	10 
1242	-244	10 
1002	11		30
1002	11		30
981		15		63
981		15		63
964		-1		115
964		-1		115
949		-12		157
949		-12		157
934		-29		205
934		-29		205
920		-42		244
920		-42		244
908		-65		293
908		-65		293
894		-76		328
894		-76		328
880		-85		358
880		-85		358
868		-97		386
868		-97		386
856		-118	424
856		-118	424
845		-118	436
845		-118	436
835		-141	471
835		-141	471
825		-153	492
825		-153	492
814		-158	506
814		-158	506
814		-158	506
814		-158	506
Fixed_Radius	2560
1023	3   	-3 
1027	1   	-5 
1031	0   	-7 
1036	-1  	-9 
1040	-1  	-11
1044	-3  	-12
1049	-5  	-14
1056	-9  	-14
1060	-11 	-16
1066	-15 	-16
1071	-18 	-17
1079	-22 	-18
1084	-27 	-18
1091	-33 	-18
1097	-37 	-18
1105	-43 	-18
1113	-50 	-18
1120	-57 	-17
1129	-64 	-16
1135	-72 	-15
1146	-80 	-14
1155	-89 	-13
1163	-98 	-11
1174	-108	-9 
1181	-117	-7 
1192	-127	-6 
1202	-138	-4 
1211	-149	-1 
1222	-160	1  
1233	-172	4  
1244	-184	6  
1244	-184	6  
1002	11		30
1002	11		30
981		15		63
981		15		63
964		-1		115
964		-1		115
949		-12		157
949		-12		157
934		-29		205
934		-29		205
920		-42		244
920		-42		244
908		-65		293
908		-65		293
894		-76		328
894		-76		328
880		-85		358
880		-85		358
868		-97		386
868		-97		386
856		-118	424
856		-118	424
845		-118	436
845		-118	436
835		-141	471
835		-141	471
825		-153	492
825		-153	492
814		-158	506
814		-158	506
814		-158	506
814		-158	506