-62 -62 -62 -62 -62 -62 -62 -62 -62 -62 -62 -62 -62 -62 -62 -62 -62 -62 -62 -62 -62 -62 -62 -62 -62 -62 -62 -62 -62 -62 -62 
-60 -60 -60 -60 -60 -60 -60 -60 -60 -60 -60 -60 -60 -60 -60 -60 -60 -60 -60 -60 -60 -60 -60 -60 -60 -60 -60 -60 -60 -60 -60 
-58 -58 -58 -58 -58 -58 -58 -58 -58 -58 -58 -58 -58 -58 -58 -58 -58 -58 -58 -58 -58 -58 -58 -58 -58 -58 -58 -58 -58 
-56 -56 -56 -56 -56 -56 -56 -56 -56 -56 -56 -56 -56 -56 -56 -56 -56 -56 -56 -56 -56 -56 -56 -56 -56 -56 -56 -56 -56 
-54 -54 -54 -54 -54 -54 -54 -54 -54 -54 -54 -54 -54 -54 -54 -54 -54 -54 -54 -54 -54 -54 -54 -54 -54 -54 -54 
-52 -52 -52 -52 -52 -52 -52 -52 -52 -52 -52 -52 -52 -52 -52 -52 -52 -52 -52 -52 -52 -52 -52 -52 -52 -52 -52 
-50 -50 -50 -50 -50 -50 -50 -50 -50 -50 -50 -50 -50 -50 -50 -50 -50 -50 -50 -50 -50 -50 -50 -50 -50 
-48 -48 -48 -48 -48 -48 -48 -48 -48 -48 -48 -48 -48 -48 -48 -48 -48 -48 -48 -48 -48 -48 -48 -48 -48 
-46 -46 -46 -46 -46 -46 -46 -46 -46 -46 -46 -46 -46 -46 -46 -46 -46 -46 -46 -46 -46 -46 -46 
-44 -44 -44 -44 -44 -44 -44 -44 -44 -44 -44 -44 -44 -44 -44 -44 -44 -44 -44 -44 -44 -44 -44 
-42 -42 -42 -42 -42 -42 -42 -42 -42 -42 -42 -42 -42 -42 -42 -42 -42 -42 -42 -42 -42 
-40 -40 -40 -40 -40 -40 -40 -40 -40 -40 -40 -40 -40 -40 -40 -40 -40 -40 -40 -40 -40 
-38 -38 -38 -38 -38 -38 -38 -38 -38 -38 -38 -38 -38 -38 -38 -38 -38 -38 -38 
-36 -36 -36 -36 -36 -36 -36 -36 -36 -36 -36 -36 -36 -36 -36 -36 -36 -36 -36 
-34 -34 -34 -34 -34 -34 -34 -34 -34 -34 -34 -34 -34 -34 -34 -34 -34 
-32 -32 -32 -32 -32 -32 -32 -32 -32 -32 -32 -32 -32 -32 -32 -32 -32 
-30 -30 -30 -30 -30 -30 -30 -30 -30 -30 -30 -30 -30 -30 -30 
-28 -28 -28 -28 -28 -28 -28 -28 -28 -28 -28 -28 -28 -28 -28 
-26 -26 -26 -26 -26 -26 -26 -26 -26 -26 -26 -26 -26 
-24 -24 -24 -24 -24 -24 -24 -24 -24 -24 -24 -24 -24 
-22 -22 -22 -22 -22 -22 -22 -22 -22 -22 -22 
-20 -20 -20 -20 -20 -20 -20 -20 -20 -20 -20 
-18 -18 -18 -18 -18 -18 -18 -18 -18 
-16 -16 -16 -16 -16 -16 -16 -16 -16 
-14 -14 -14 -14 -14 -14 -14 
-12 -12 -12 -12 -12 -12 -12 
-10 -10 -10 -10 -10 
-8  -8  -8  -8  -8  
-6  -6  -6  
-4  -4  -4  
-2  
0   0   
1   
2   2   2   
3   3   3   
4   4   4   4   4   
5   5   5   5   5   
6   6   6   6   6   6   6   
7   7   7   7   7   7   7   
8   8   8   8   8   8   8   8   8   
9   9   9   9   9   9   9   9   9   
10  10  10  10  10  10  10  10  10  10  10  
11  11  11  11  11  11  11  11  11  11  11  
12  12  12  12  12  12  12  12  12  12  12  12  12  
13  13  13  13  13  13  13  13  13  13  13  13  13  
14  14  14  14  14  14  14  14  14  14  14  14  14  14  14  
15  15  15  15  15  15  15  15  15  15  15  15  15  15  15  
16  16  16  16  16  16  16  16  16  16  16  16  16  16  16  16  16  
17  17  17  17  17  17  17  17  17  17  17  17  17  17  17  17  17  
18  18  18  18  18  18  18  18  18  18  18  18  18  18  18  18  18  18  18  
19  19  19  19  19  19  19  19  19  19  19  19  19  19  19  19  19  19  19  
20  20  20  20  20  20  20  20  20  20  20  20  20  20  20  20  20  20  20  20  20  
21  21  21  21  21  21  21  21  21  21  21  21  21  21  21  21  21  21  21  21  21  
22  22  22  22  22  22  22  22  22  22  22  22  22  22  22  22  22  22  22  22  22  22  22  
23  23  23  23  23  23  23  23  23  23  23  23  23  23  23  23  23  23  23  23  23  23  23  
24  24  24  24  24  24  24  24  24  24  24  24  24  24  24  24  24  24  24  24  24  24  24  24  24  
25  25  25  25  25  25  25  25  25  25  25  25  25  25  25  25  25  25  25  25  25  25  25  25  25  
26  26  26  26  26  26  26  26  26  26  26  26  26  26  26  26  26  26  26  26  26  26  26  26  26  26  26  
27  27  27  27  27  27  27  27  27  27  27  27  27  27  27  27  27  27  27  27  27  27  27  27  27  27  27  
28  28  28  28  28  28  28  28  28  28  28  28  28  28  28  28  28  28  28  28  28  28  28  28  28  28  28  28  28  
29  29  29  29  29  29  29  29  29  29  29  29  29  29  29  29  29  29  29  29  29  29  29  29  29  29  29  29  29  
30  30  30  30  30  30  30  30  30  30  30  30  30  30  30  30  30  30  30  30  30  30  30  30  30  30  30  30  30  30  30  
31  31  31  31  31  31  31  31  31  31  31  31  31  31  31  31  31  31  31  31  31  31  31  31  31  31  31  31  31  31  31  
